(232)

76 62 193 

25 102 115 

105 134 

78 49 

154 179 148 

84 26 188 

111 57 13 

140 197 33 

87 56 98 

83 35 46 

66 91 63 

135 7 169 

55 141 131 

69 113 

163 129 128 

126 143 

165 80 133 119 

110 85 199 

185 14 190 

142 23 156 

177 139 

34 124 172 

16 130 

28 50 

67 96 30 

15 31 32 

171 95 

166 168 

164 152 93 

3 92 

191 117 176 

158 77 184 

73 155 180 109 

64 183 

122 195 150 

42 22 194 

147 97 6 

144 192 61 

68 19 

121 82 90 

86 120 

189 178 

72 107 17 

9 118 

170 136 161 

41 51 

114 145 

8 1 

75 39 

175 59 44 

99 47 127 

12 151 

37 11 196 24 

70 71 149 

0 60 153 

137 4 2 

5 52 

101 53 

108 

167 100 

125 174 38 

10 74 

27 54 

116 36 

18 173 

45 132 

40 

20 

106 

29 

182 

186 

157 

103 

123 

89 

81 

79 

88 

181 

94 

162 

21 

104 

48 

159 

58 

198 

65 

187 

160 

112 

43 

146 

138 











