(153)

105 89 

29 45 

76 88 

15 128 

122 46 

38 77 

113 10 

99 100 

83 40 

12 61 

107 23 

53 14 

52 6 

97 121 

112 80 

133 35 

125 103 

71 43 

91 41 

56 65 

0 25 

82 59 

64 36 

58 81 

50 16 

98 3 

24 51 

96 111 

73 123 

90 115 

5 85 

27 34 

94 60 127 

86 79 

11 139 

124 30 

130 54 

108 47 

39 137 

32 68 

116 109 

20 62 

21 78 

95 70 

119 126 

19 101 

138 117 

114 2 

9 134 

1 102 

13 63 

55 104 

49 93 

69 66 

92 75 

28 18 

22 44 

48 74 

31 129 

110 132 

136 87 

26 131 

57 33 

120 118 

8 84 

4 106 

17 37 

67 42 

72 

135 7 

