#Ex_15_2.dat # 
param n := 17; # 1 and 17 refer to DEPOT!
param p := 2; # number of vehicles
param v := 25; # average vehicle speed
param maxTd := 0.093; # service time in hours!
param Tlimit := 4 ; # Total delivery time in hours!
param Ulimit:=20 ; # maximal number of customers per vehicle

param Q:=
   1 5000
   2 5000;

param c := 
 1 0.00
 2 14.57
 3 3.30
 4 11.45
 5 16.43
 6 9.76
 7 2.80
 8 13.125
 9 14.06
 10 4.12
 11 7.44
 12 13.31
 13 5.68
 14 5.21
 15 17.45
 16 42.68
 17 0.00;

 param dist: 1 2 3 4 5 6 7 8 9 10 11 12 13 14 15 16 17 :=

      1 0.00	3.50	4.10	5.50	5.90	6.10	8.80	4.60	4.50	4.00	3.70	3.40	3.50	3.80	4.40	5.40	0.00
      2 3.20	0.00	1.40	2.70	3.10	3.20	6.20	2.20	2.00	1.20	1.80	1.80	1.80	1.80	2.20	3.30	3.20
	  3 4.60	1.80	0.00	1.70	1.90	2.10	5.30	1.80	1.70	1.00	1.40	1.50	1.60	1.10	3.10	4.30	4.60
	  4 5.90	2.90	2.70	0.00	0.70	1.10	5.80	2.30	2.20	2.20	2.60	2.70	2.70	2.20	2.90	3.80	5.90
	  5 5.70	2.80	2.20	0.75	0.00	0.40	5.50	2.00	1.90	2.20	2.20	2.60	2.60	2.20	3.60	4.60	5.70
	  6 6.20	3.30	2.60	1.30	0.55	0.00	6.10	2.40	2.40	2.50	2.80	3.10	3.20	2.60	3.30	4.20	6.20
	  7 7.80	6.30	5.60	5.90	6.10	5.60	0.00	4.80	4.70	5.50	5.60	5.90	6.00	5.60	8.00	9.20	7.80
	  8 4.90	2.60	1.80	2.10	2.40	1.80	4.60	0.00	0.40	1.80	1.00	1.40	1.40	1.60	4.20	5.60	4.90
	  9 4.80	2.50	1.80	2.00	2.30	1.70	4.50	0.40	0.00	1.70	0.80	1.20	1.20	1.60	4.10	5.60	4.80
	  10 4.20	1.40	0.65	1.70	1.90	2.10	4.90	1.40	1.30	0.00	1.00	1.10	1.20	0.70	3.00	4.20	4.20
	  11 4.00	1.70	1.70	2.30	3.00	2.50	5.30	1.00	0.85	1.10	0.00	0.35	0.40	0.80	3.90	5.10	4.00
	  12 3.60 1.70	1.60	2.60	2.80	2.90	5.70	1.40	1.20	0.90	0.35	0.00	0.04	0.45	3.90	5.10	3.60
	  13 3.60	1.80	1.60	2.60	2.80	2.90	5.80	1.40	1.30	0.90	0.40	0.04	0.00	0.50	4.00	5.10	3.60
	  14 3.60	1.70	1.40	2.50	2.70	2.80	5.60	1.30	1.10	0.80	0.35	0.11	0.15	0.00	3.80	5.00	3.60
	  15 4.10	2.70	3.20	3.20	3.20	3.60	8.00	4.60	4.40	3.70	4.10	4.20	4.30	4.20	0.00	1.40	4.10
	  16 4.90	3.90	4.10	3.70	3.40	3.80	8.90	5.10	5.00	4.30	4.60	4.80	4.80	4.70	1.40	0.00	4.90
	  17 0.00	3.50	4.10	5.50	5.90	6.10	8.80	4.60	4.50	4.00	3.70	3.40	3.50	3.80	4.40	5.40	0.00
	  ;  
 

