#Ex1_20.dat - reduced first example for AVRP model

param n := 22 ; # 1 i 22 su DEPO!

param p := 3;  # broj vozila (pickup-ova)

param v := 25 ; # brzina vozila

param maxTd := 0.1167;# vreme zadrzavanja kod korisnika

param Tlimit := 4 ; #ukupno vreme opsluzivanja

param Ulimit:=20 ; #maksimalni broj korisnika po vozilu

param Q:=
   1 5000
   2 5000
   3 5000  ;

param c := 
 1 0.00
 2 7.13
 3 33.40
 4 4.45
 5 9.26
 6 8.24
 7 4.55
 8 3.00
 9 1.15
10 4.93
11 13.80
12 17.53
13 0.34
14 13.71
15 1.83
16 4.19
17 6.20
18 18.39
19 11.96
20 4.45
21 6.02
22 0.00 ;


param dist: 1 2 3 4 5 6 7 8 9 10 11 12 13 14 15 16 17 18 19 20 21 22 :=

      1 0.00	1.60	1.90	3.20	2.20	2.80	3.00	3.20	3.90	3.80	4.20	3.40	4.00	5.20	6.60	6.30	6.40	6.90	6.50	3.40	4.10	0.00
      2 2.10	0.00	1.20	1.70	0.55	1.40	1.50	1.70	2.40	2.40	2.80	2.00	2.40	3.90	5.30	4.60	4.70	4.70	4.60	1.90	2.40	2.10
      3 3.20	1.20	0.00	1.40	1.60	1.60	1.60	1.40	2.10	2.00	2.40	2.00	3.30	4.30	4.70	5.10	5.10	5.20	5.50	1.60	2.70	3.20
      4 3.10	1.40	0.55	0.00	1.40	1.50	1.60	1.40	2.00	2.00	2.40	2.00	2.90	4.00	4.30	4.70	4.80	4.80	5.10	1.60	2.60	3.10
      5 2.10	0.50	1.50	1.50	0.00	0.85	1.00	1.20	2.10	2.30	2.70	1.50	1.90	3.00	3.80	4.10	4.20	4.30	4.10	1.50	1.90	2.10
      6 2.80	1.40	2.00	1.60	0.85	0.00	0.35	1.00	1.60	2.00	1.90	1.00	1.60	2.60	3.30	3.70	3.90	3.80	3.70	1.00	1.60	2.80
      7 3.10	1.60	2.00	1.40	1.10	0.35	0.00	0.85	1.30	1.60	1.60	0.70	1.70	2.50	3.00	3.40	3.50	3.50	3.80	0.85	1.30	3.10
      8 3.20	1.70	1.30	0.80	1.20	1.00	0.85	0.00	0.65	1.00	1.10	1.10	2.10	3.10	3.40	3.80	3.90	3.90	4.20	0.18	2.10	3.20
      9 4.10	2.70	2.20	1.70	2.40	1.80	1.40	0.95	0.00	0.70	0.45	1.10	2.40	2.90	3.30	3.70	3.80	3.90	4.20	1.00	1.70	4.10
     10 3.70	2.30	1.80	1.30	1.90	1.40	1.10	0.50	0.45	0.00	1.00	1.20	2.20	3.10	3.50	3.90	3.90	4.00	4.30	0.60	1.90	3.70
     11 4.30	2.80	2.40	1.80	2.40	1.90	1.60	1.10	0.45	0.85	0.00	1.30	2.50	3.00	3.00	3.60	3.60	3.70	3.90	1.20	1.80	4.30
     12 3.50	2.00	2.40	1.80	1.50	1.00	0.70	1.20	1.10	1.70	1.30	0.00	1.10	2.10	2.70	3.00	3.20	3.10	3.40	1.20	0.80	3.50
     13 3.90	2.80	3.50	3.00	2.30	1.70	1.60	2.30	2.20	2.80	2.20	1.20	0.00	1.20	2.60	2.30	2.50	3.00	2.30	2.30	0.75	3.90
     14 4.40	3.60	4.30	4.00	3.10	2.50	2.40	3.00	3.30	3.50	2.90	2.00	2.00	0.00	2.00	1.60	2.20	2.30	1.60	3.00	1.60	4.40
     15 6.40	5.40	5.30	4.40	5.10	3.90	3.50	3.90	3.40	3.40	2.90	3.20	3.90	2.90	0.00	1.60	1.20	0.90	2.00	4.00	2.80	6.40
     16 5.50	4.00	4.40	3.80	3.50	3.10	2.70	3.20	3.40	3.40	2.90	2.40	3.10	2.10	0.35	0.00	0.80	0.85	1.10	3.20	2.00	5.50
     17 6.00	4.90	5.30	4.70	4.40	3.90	3.60	4.10	4.20	4.20	3.80	3.20	3.50	2.40	1.00	0.85	0.00	0.60	1.20	4.10	2.80	6.00
     18 6.20	4.80	5.20	5.20	4.30	3.90	3.50	4.00	4.10	4.20	3.70	3.20	3.70	2.70	0.80	1.30	0.60	0.00	1.70	4.00	2.80	6.20
     19 5.70	4.90	5.70	5.10	4.60	3.80	3.70	4.40	4.30	4.60	4.10	3.30	3.30	2.20	1.20	1.20	0.45	0.65	0.00	4.40	2.90	5.70
     20 3.40	2.00	1.50	1.00	1.80	1.00	0.85	0.18	0.75	1.10	1.20	1.10	2.10	3.10	3.40	3.80	3.90	3.90	4.20	0.00	1.80	3.40
     21 4.20	2.90	3.50	2.70	2.30	1.70	1.60	2.10	2.00	2.60	2.00	0.80	1.00	1.50	2.50	2.60	2.70	2.90	2.60	2.10	0.00	4.20
     22 0.00	1.60	1.90	3.20	2.20	2.80	3.00	3.20	3.90	3.80	4.20	3.40	4.00	5.20	6.60	6.30	6.40	6.90	6.50	3.40	4.10	0.00
;

