#Ex_26_2.dat #
param n := 28 ; # 1 and 28 refer to DEPOT!
param p := 2;  # number of vehicles
param v := 25 ; # average vehicle speed
param maxTd := 0.1167;# service time in hours!
param Tlimit := 4 ; # Total delivery time in hours!
param Ulimit:=15 ; # maximal number of customers per vehicle

param Q:=
   1 5000  
   2 5000 ;

#customers' demands
param c:= 
1    0
2 14.572
3 3.3
4 11.45
5 16.43
6 9.76
7 2.804
8 13.125
9 14.058
10 4.12
11 7.438
12 13.316
13 5.68
14 5.21
15 17.447
16 42.683
17 8.355
18 7.61
19 8.875
20 25.071
21 9.981
22 26.235
23 16.094
24 10.941
25 12.708
26 5.42
27 12.334
28 0.0 ;

# distances between customers
param dist: 1 2 3 4 5 6 7 8 9 10 11 12 13 14 15 16 17 18 19 20 21 22 23 24 25 26 27 28 :=
1 0.00	3.50	4.10	5.50	5.90	6.10	8.80	4.60	4.50	4.00	3.70	3.40	3.50	3.80	4.40	5.40	6.30	6.30	7.00	6.20	6.90	10.90	9.60	9.50	10.4	6.90	6.50	0.00
2 3.20	0.00	1.40	2.70	3.10	3.20	6.20	2.20	2.00	1.20	1.80	1.80	1.80	1.80	2.20	3.30	4.30	3.90	4.20	4.00	4.90	7.40	6.10	6.10	7.60	4.10	3.70	3.20
3 4.60	1.80	0.00	1.70	1.90	2.10	5.30	1.80	1.70	1.00	1.40	1.50	1.60	1.10	3.10	4.30	4.50	4.10	3.70	4.20	4.90	6.80	5.50	5.60	6.40	3.60	2.90	4.60
4 5.90	2.90	2.70	0.00	0.70	1.10	5.80	2.30	2.20	2.20	2.60	2.70	2.70	2.20	2.90	3.80	3.90	3.60	2.80	3.60	3.80	5.70	4.40	4.00	4.7	1.20	1.30	5.90
5 5.70	2.80	2.20	0.75	0.00	0.40	5.50	2.00	1.90	2.20	2.20	2.60	2.60	2.20	3.60	4.60	4.60	4.30	3.60	4.40	4.50	6.40	5.10	4.80	5.5	2.00	2.00	5.70
6 6.20	3.30	2.60	1.30	0.55	0.00	6.10	2.40	2.40	2.50	2.80	3.10	3.20	2.60	3.30	4.20	4.20	3.80	3.20	4.00	4.20	6.00	4.50	4.50	4.9	1.60	1.60	6.20
7 7.80	6.30	5.60	5.90	6.10	5.60	0.00	4.80	4.70	5.50	5.60	5.90	6.00	5.60	8.00	9.20	9.60	9.10	8.70	9.50	9.60	11.50	10.20	9.60	10.4	7.10	7.10	7.80
8 4.90	2.60	1.80	2.10	2.40	1.80	4.60	0.00	0.40	1.80	1.00	1.40	1.40	1.60	4.20	5.60	5.80	5.30	4.90	5.40	5.90	7.80	6.60	6.20	6.60	3.40	3.40	4.90
9 4.80	2.50	1.80	2.00	2.30	1.70	4.50	0.40	0.00	1.70	0.80	1.20	1.20	1.60	4.10	5.60	5.80	5.20	4.80	5.40	5.80	7.70	6.10	5.80	6.5	3.20	3.20	4.80
10 4.20	1.40	0.65	1.70	1.90	2.10	4.90	1.40	1.30	0.00	1.00	1.10	1.20	0.70	3.00	4.20	4.50	4.10	3.70	4.20	4.90	6.80	5.50	5.40	6.60	2.90	2.90	4.20
11 4.00	1.70	1.70	2.30	3.00	2.50	5.30	1.00	0.85	1.10	0.00	0.35	0.40	0.80	3.90	5.10	5.90	5.30	4.90	5.50	6.00	7.90	6.40	6.00	7	3.50	3.50	4.00
12 3.60	1.70	1.60	2.60	2.80	2.90	5.70	1.40	1.20	0.90	0.35	0.00	0.04	0.45	3.90	5.10	5.40	5.00	4.60	5.20	5.00	7.70	6.40	6.40	7.30	3.90	3.80	3.60
13 3.60	1.80	1.60	2.60	2.80	2.90	5.80	1.40	1.30	0.90	0.40	0.04	0.00	0.50	4.00	5.10	5.40	5.00	4.60	5.20	5.00	7.70	6.40	6.40	7.4	3.90	3.80	3.60
14 3.60	1.70	1.40	2.50	2.70	2.80	5.60	1.30	1.10	0.80	0.35	0.11	0.15	0.00	3.80	5.00	5.30	4.90	4.50	5.10	5.70	7.60	6.30	6.30	7.00	3.80	3.70	3.60
15 4.10	2.70	3.20	3.20	3.20	3.60	8.00	4.60	4.40	3.70	4.10	4.20	4.30	4.20	0.00	1.40	2.30	2.30	2.80	2.50	2.90	6.70	5.40	5.40	7.4	3.20	3.10	4.10
16 4.90	3.90	4.10	3.70	3.40	3.80	8.90	5.10	5.00	4.30	4.60	4.80	4.80	4.70	1.40	0.00	1.60	1.60	2.70	2.30	2.20	6.20	4.90	4.90	6.70	3.20	3.00	4.90
17 5.70	4.60	4.80	4.90	4.10	4.50	9.70	6.00	5.80	5.00	5.40	5.50	5.50	5.40	2.40	2.40	0.00	0.70	1.10	0.70	0.70	4.40	3.30	3.30	5.1	2.70	2.90	5.70
18 5.50	4.20	4.30	3.90	3.60	4.00	9.20	5.40	5.20	4.50	4.90	5.00	5.00	4.50	2.20	2.20	1.00	0.00	1.30	0.90	0.80	4.80	3.50	3.50	5.30	2.30	2.40	5.50
19 6.60	4.20	3.90	3.50	2.90	3.30	8.40	5.00	4.80	4.10	4.50	4.60	4.60	4.50	3.00	3.30	2.20	1.30	0.00	0.80	1.30	3.90	2.60	2.60	4	1.70	2.00	6.60
20 5.90	4.80	4.70	5.00	4.20	4.60	9.90	6.10	6.00	4.90	5.30	5.40	5.40	4.90	2.60	2.60	1.40	0.55	1.00	0.00	0.50	4.80	3.50	3.30	5.30	2.50	2.40	5.90
21 6.40	5.50	5.50	5.00	4.20	4.60	9.70	6.30	6.10	5.60	6.00	6.10	6.20	5.70	3.10	3.10	1.70	0.80	1.30	0.85	0.00	4.50	3.20	3.20	5.00	3.00	3.30	6.40
22 9.90	7.00	6.70	6.20	5.50	5.90	11.00	7.50	7.40	6.90	7.30	7.40	7.40	6.90	6.60	6.60	5.30	4.50	3.60	4.00	3.90	0.00	2.40	2.80	3.10	4.20	4.60	9.90
23 8.90	6.00	5.70	5.20	4.40	4.90	10.00	6.50	6.40	5.90	6.30	6.40	6.40	6.00	5.60	5.60	4.40	3.50	2.60	3.00	2.90	2.30	0.00	0.90	1.50	2.90	3.30	8.90
24 9.20	6.20	6.00	4.60	3.80	4.20	9.70	6.00	5.90	6.10	6.30	6.60	6.60	6.20	5.80	5.90	4.70	3.80	2.90	3.30	3.10	3.10	0.90	0.00	1.50	2.70	3.10	9.20
25 10.5 7.50	7.00	5.50	4.80	5.20	10.10	6.60	6.50	7.00	7.00	7.30	7.30	7.00	7.50	7.40	6.50	5.60	4.00	4.60	5.00	3.40	1.50	1.50	0.00	3.70	4.10	10.50
26 7.00	4.00	3.60	2.10	1.30	1.70	6.80	3.40	3.20	3.30	3.50	3.80	3.80	3.30	3.50	3.80	2.60	2.30	1.70	2.40	2.60	4.40	2.90	2.70	3.70	0.00	0.40	7.00
27 6.60	3.60	3.40	2.10	1.40	1.80	6.90	3.50	3.30	3.40	3.60	3.90	3.90	3.40	3.30	3.60	2.60	2.20	1.80	2.40	3.00	4.80	3.30	3.10	4.10	0.40	0.00	6.60
28 0.00	3.50	4.10	5.50	5.90	6.10	8.80	4.60	4.50	4.00	3.70	3.40	3.50	3.80	4.40	5.40	6.30	6.30	7.00	6.20	6.90	10.90	9.60	9.50	10.4	6.90	6.50	0.00;



