#Ex_31_2.dat #
param n := 33; # 1 and 33 refer to DEPOT!
param p := 2;  # number of vehicles
param v := 23; # average vehicle speed
param maxTd := 0.093;# service time in hours!
param Tlimit := 4; # Total delivery time in hours!
param Ulimit:=20; # maximal number of customers per vehicle

param Q:=
   1 5000
   2 5000;

 param c := 
 1 0.00
 2 14.57
 3 3.30
 4 11.45
 5 16.43
 6 9.76
 7 2.80
 8 13.125
 9 14.06
 10 4.12
 11 7.44
 12 13.31
 13 5.68
 14 5.21
 15 17.45
 16 42.68
 17 8.35
 18 7.61
 19 8.87
 20 25.07
 21 9.98
 22 26.23
 23 16.09
 24 10.94
 25 12.71
 26 5.42
 27 12.33
 28 7.44
 29 5.68
 30 5.21
 31 17.45
 32 10.32
 33 0.00;

 param dist: 1 2 3 4 5 6 7 8 9 10 11 12 13 14 15 16 17 18 19 20 21 22 23 24 25 26 27 28 29 30 31 32 33 :=

      1 0.00	1.60	1.90	3.20	2.20	2.80	3.00	3.20	3.90	3.80	4.20	3.40	4.00	5.20	6.60	6.30	6.40	6.90	6.50	3.40	4.10	8.50	9.90	6.10	4.30	7.70	4.60	3.30	4.00	2.90	3.80	3.80	0.00
 	  2 2.10	0.00	1.20	1.70	0.55	1.40	1.50	1.70	2.40	2.40	2.80	2.00	2.40	3.90	5.30	4.60	4.70	4.70	4.60	1.90	2.40	7.00	8.50	4.60	2.90	6.40	3.50	2.60	2.50	2.20	2.30	2.60	2.10
	  3 3.20	1.20	0.00	1.40	1.60	1.60	1.60	1.40	2.10	2.00	2.40	2.00	3.30	4.30	4.70	5.10	5.10	5.20	5.50	1.60	2.70	6.70	8.10	4.30	2.50	6.10	3.40	1.70	2.20	1.30	2.00	2.20	3.20
	  4 3.10	1.40	0.55	0.00	1.40	1.50	1.60	1.40	2.00	2.00	2.40	2.00	2.90	4.00	4.30	4.70	4.80	4.80	5.10	1.60	2.60	6.70	8.10	4.30	2.50	6.50	3.80	2.10	2.20	1.60	2.00	2.30	3.10
	  5 2.10	0.50	1.50	1.50	0.00	0.85	1.00	1.20	2.10	2.30	2.70	1.50	1.90	3.00	3.80	4.10	4.20	4.30	4.10	1.50	1.90	7.00	8.20	4.40	2.80	6.40	4.00	2.70	2.50	2.60	2.30	2.60	2.10
	  6 2.80	1.40	2.00	1.60	0.85	0.00	0.35	1.00	1.60	2.00	1.90	1.00	1.60	2.60	3.30	3.70	3.90	3.80	3.70	1.00	1.60	6.30	7.80	3.90	2.40	6.00	4.80	2.60	2.60	2.60	2.40	2.60	2.80
	  7 3.10	1.60	2.00	1.40	1.10	0.35	0.00	0.85	1.30	1.60	1.60	0.70	1.70	2.50	3.00	3.40	3.50	3.50	3.80	0.85	1.30	6.00	7.10	3.60	2.00	5.60	4.60	2.40	2.20	2.40	2.00	2.30	3.10
	  8 3.20	1.70	1.30	0.80	1.20	1.00	0.85	0.00	0.65	1.00	1.10	1.10	2.10	3.10	3.40	3.80	3.90	3.90	4.20	0.18	2.10	5.60	7.00	3.20	1.40	5.00	4.00	1.80	1.60	1.80	1.40	1.70	3.20
	  9 4.10	2.70	2.20	1.70	2.40	1.80	1.40	0.95	0.00	0.70	0.45	1.10	2.40	2.90	3.30	3.70	3.80	3.90	4.20	1.00	1.70	5.00	6.40	2.60	0.90	4.70	4.20	2.00	1.40	1.90	1.20	1.60	4.10
	  10 3.70	2.30	1.80	1.30	1.90	1.40	1.10	0.50	0.45	0.00	1.00	1.20	2.20	3.10	3.50	3.90	3.90	4.00	4.30	0.60	1.90	5.40	6.80	3.00	1.20	4.80	4.30	2.10	1.50	2.10	1.30	1.70	3.70
	  11 4.30	2.80	2.40	1.80	2.40	1.90	1.60	1.10	0.45	0.85	0.00	1.30	2.50	3.00	3.00	3.60	3.60	3.70	3.90	1.20	1.80	4.60	6.10	2.10	0.45	4.60	4.30	2.00	1.30	2.10	1.30	1.60	4.30
	  12 3.50	2.00	2.40	1.80	1.50	1.00	0.70	1.20	1.10	1.70	1.30	0.00	1.10	2.10	2.70	3.00	3.20	3.10	3.40	1.20	0.80	5.30	6.80	3.30	1.70	5.70	5.20	2.80	2.40	2.80	2.20	2.60	3.50
	  13 3.90	2.80	3.50	3.00	2.30	1.70	1.60	2.30	2.20	2.80	2.20	1.20	0.00	1.20	2.60	2.30	2.50	3.00	2.30	2.30	0.75	5.30	6.80	3.20	2.70	7.40	6.20	4.20	3.60	4.10	3.30	3.80	3.90
	  14 4.40	3.60	4.30	4.00	3.10	2.50	2.40	3.00	3.30	3.50	2.90	2.00	2.00	0.00	2.00	1.60	2.20	2.30	1.60	3.00	1.60	4.60	6.10	3.30	3.50	7.60	6.90	5.00	4.40	5.10	4.20	4.50	4.40
	  15 6.40	5.40	5.30	4.40	5.10	3.90	3.50	3.90	3.40	3.40	2.90	3.20	3.90	2.90	0.00	1.60	1.20	0.90	2.00	4.00	2.80	2.70	4.20	2.70	3.00	7.10	6.90	4.50	3.90	4.70	3.90	4.10	6.40
	  16 5.50	4.00	4.40	3.80	3.50	3.10	2.70	3.20	3.40	3.40	2.90	2.40	3.10	2.10	0.35	0.00	0.80	0.85	1.10	3.20	2.00	3.00	4.50	2.70	3.00	7.50	6.80	4.50	3.90	4.60	3.90	4.00	5.50
	  17 6.00	4.90	5.30	4.70	4.40	3.90	3.60	4.10	4.20	4.20	3.80	3.20	3.50	2.40	1.00	0.85	0.00	0.60	1.20	4.10	2.80	2.90	4.00	3.60	3.80	8.40	7.70	5.40	4.70	5.50	4.70	4.90	6.00
	  18 6.20	4.80	5.20	5.20	4.30	3.90	3.50	4.00	4.10	4.20	3.70	3.20	3.70	2.70	0.80	1.30	0.60	0.00	1.70	4.00	2.80	2.60	3.90	3.30	3.80	8.40	7.70	5.30	4.70	5.50	4.70	4.90	6.20
	  19 5.70	4.90	5.70	5.10	4.60	3.80	3.70	4.40	4.30	4.60	4.10	3.30	3.30	2.20	1.20	1.20	0.45	0.65	0.00	4.40	2.90	2.80	3.70	4.00	4.10	8.40	8.20	5.70	5.00	5.80	5.00	5.20	5.70
	  20 3.40	2.00	1.50	1.00	1.80	1.00	0.85	0.18	0.75	1.10	1.20	1.10	2.10	3.10	3.40	3.80	3.90	3.90	4.20	0.00	1.80	5.70	7.10	3.30	1.50	5.10	4.10	2.00	1.80	1.90	1.60	1.60	3.40
	  21 4.20	2.90	3.50	2.70	2.30	1.70	1.60	2.10	2.00	2.60	2.00	0.80	1.00	1.50	2.50	2.60	2.70	2.90	2.60	2.10	0.00	5.40	6.90	3.00	2.50	6.90	6.30	3.70	3.40	3.60	3.00	3.60	4.20
	  22 9.60	8.10	8.10	7.10	7.80	6.80	6.70	6.60	6.10	6.20	5.70	6.40	7.10	5.20	3.10	3.50	2.70	2.60	3.60	6.80	5.70	0.00	2.00	5.00	5.80	9.60	9.60	7.50	6.60	7.40	6.60	6.80	9.60
	  23 9.60	8.10	8.00	7.10	7.70	7.30	6.90	6.50	6.10	6.10	5.60	6.60	7.10	6.00	3.70	4.10	3.90	3.40	5.00	6.60	6.20	1.70	0.00	5.00	5.70	9.60	9.60	7.20	6.60	7.40	6.60	6.80	9.60
	  24 6.30	4.90	4.80	3.30	4.50	3.90	3.60	3.30	2.90	2.30	2.40	3.20	4.20	3.20	2.50	3.10	3.20	3.20	3.40	3.40	2.80	4.10	5.60	0.00	1.40	5.10	5.90	3.00	2.90	4.00	2.30	3.00	6.30
	  25 4.50	3.00	3.00	2.00	3.00	2.50	2.20	1.60	1.50	1.10	1.20	2.30	3.20	4.20	3.70	4.40	4.40	4.50	4.70	1.70	2.90	5.40	6.80	1.90	0.00	4.10	4.10	1.50	0.90	2.00	0.90	1.10	4.50
	  26 6.80	6.70	6.10	5.70	6.70	6.20	5.90	5.30	5.20	4.80	4.90	6.00	6.90	8.50	7.70	8.40	8.20	8.40	8.90	5.40	6.60	8.90	10.30	5.30	4.50	0.00	4.60	5.10	4.60	5.10	4.60	4.80	6.80
	  27 3.50	4.30	3.40	3.90	4.90	4.90	4.60	3.90	4.40	3.90	4.30	5.10	6.10	7.10	6.90	7.50	7.70	7.60	8.10	4.10	5.80	8.60	10.00	6.00	4.40	4.60	0.00	2.60	3.8	2.4	3.90	3.30	3.50
	  28 3.30	2.20	1.40	1.80	2.70	2.60	2.40	1.80	2.10	1.80	2.00	2.80	3.80	4.90	4.60	5.20	5.40	5.30	5.70	2.00	3.60	6.30	7.90	3.20	1.60	4.90	2.50	0.00	1.20	0.35	1.20	0.80	3.30
	  29 4.20	2.80	2.10	1.80	2.70	2.50	2.20	1.60	1.50	1.00	1.40	2.20	3.20	4.20	4.00	4.70	4.50	4.70	5.00	1.70	3.20	5.70	7.10	2.80	1.20	4.60	3.40	0.95	0.00	1.20	0.45	0.18	4.20
	  30 3.40	1.90	1.00	1.70	2.30	2.50	2.30	1.70	2.10	1.70	2.10	2.70	3.70	4.90	4.70	5.30	5.40	5.40	5.70	1.90	3.60	6.40	7.80	3.70	2.00	5.10	2.50	0.35	1.50	0.00	1.50	1.00	3.40
	  31 4.10	2.60	2.60	1.60	2.60	2.20	1.90	1.30	1.20	0.75	1.10	2.00	2.90	3.90	3.70	4.40	4.20	4.40	4.70	1.40	2.60	5.40	6.80	2.50	0.90	4.30	3.70	1.20	0.35	1.60	0.00	0.55	4.10
	  32 4.10	2.70	2.00	1.60	2.60	2.50	2.30	1.70	2.00	1.40	1.60	2.70	3.70	4.70	4.20	4.90	4.90	4.90	5.20	1.90	3.30	5.90	7.30	2.80	1.20	4.70	3.20	0.80	0.80	1.00	0.80	0.00	4.10
	  33 0.00	1.60	1.90	3.20	2.20	2.80	3.00	3.20	3.90	3.80	4.20	3.40	4.00	5.20	6.60	6.30	6.40	6.90	6.50	3.40	4.10	8.50	9.90	6.10	4.30	7.70	4.60	3.30	4.00	2.90	3.80	3.80	0.00
	  
;

